{
 "cells": [
  {
   "cell_type": "code",
   "execution_count": 18,
   "metadata": {},
   "outputs": [],
   "source": [
    "from qiskit_nature.units import DistanceUnit\n",
    "from qiskit_nature.second_q.transformers import FreezeCoreTransformer\n",
    "from qiskit_nature.second_q.drivers import PySCFDriver\n",
    "\n",
    "driver = PySCFDriver(\n",
    "    atom=\"Si 0.0 0.0 0.0; C 0.0 0.0 1.89\",\n",
    "    basis=\"sto3g\",\n",
    "    charge=0,\n",
    "    spin=0,\n",
    "    unit=DistanceUnit.ANGSTROM,\n",
    ")"
   ]
  },
  {
   "cell_type": "code",
   "execution_count": 19,
   "metadata": {},
   "outputs": [
    {
     "name": "stdout",
     "output_type": "stream",
     "text": [
      "<qiskit_nature.second_q.problems.electronic_structure_problem.ElectronicStructureProblem object at 0x7f8203700200>\n"
     ]
    }
   ],
   "source": [
    "problem = driver.run()\n",
    "print(problem)"
   ]
  },
  {
   "cell_type": "code",
   "execution_count": 20,
   "metadata": {},
   "outputs": [],
   "source": [
    "transformer = FreezeCoreTransformer()\n",
    "problem = transformer.transform(problem)\n"
   ]
  },
  {
   "cell_type": "code",
   "execution_count": 21,
   "metadata": {},
   "outputs": [
    {
     "name": "stdout",
     "output_type": "stream",
     "text": [
      "Polynomial Tensor\n",
      " \"+-\":\n",
      "array([[-3.43187608e+00,  1.73337091e-01,  2.04068122e-01,\n",
      "        -1.08310415e-15,  1.85243461e-16, -4.26106007e-16,\n",
      "         3.93701931e-17,  1.93175573e-01],\n",
      "       [ 1.73337091e-01, -2.74195777e+00,  2.62796653e-01,\n",
      "        -7.75672538e-16,  3.49522840e-17,  1.51261138e-16,\n",
      "        -1.91912930e-16, -1.58119387e-01],\n",
      "       [ 2.04068122e-01,  2.62796653e-01, -2.77384123e+00,\n",
      "        -2.94857387e-16, -1.25035857e-16,  1.05334070e-15,\n",
      "         2.35073215e-16, -2.75848669e-01],\n",
      "       [-1.08310415e-15, -7.75672538e-16, -2.94857387e-16,\n",
      "        -2.79913404e+00, -5.97801145e-15,  3.52608775e-01,\n",
      "         2.21509010e-15,  1.10100311e-15],\n",
      "       [ 1.85243461e-16,  3.49522840e-17, -1.25035857e-16,\n",
      "        -5.08983303e-15, -2.61693199e+00,  1.55081526e-15,\n",
      "        -3.57843511e-01,  3.42286174e-18],\n",
      "       [-4.26106007e-16,  1.51261138e-16,  1.05334070e-15,\n",
      "         3.52608775e-01,  8.84681446e-16, -2.59532187e+00,\n",
      "        -4.59388837e-15,  1.55296685e-16],\n",
      "       [ 3.93701931e-17, -1.91912930e-16,  2.35073215e-16,\n",
      "         2.65917931e-15, -3.57843511e-01, -5.48206679e-15,\n",
      "        -2.77801547e+00,  7.09642903e-17],\n",
      "       [ 1.93175573e-01, -1.58119387e-01, -2.75848669e-01,\n",
      "         1.10100311e-15,  3.42286174e-18,  1.55296685e-16,\n",
      "         7.09642903e-17, -2.55637619e+00]])\n",
      " \"++--\":\n",
      "array([[[[ 5.15602370e-01, -4.67774997e-02, -6.97905318e-02, ...,\n",
      "           8.37506677e-17, -2.97516337e-18, -5.97069904e-02],\n",
      "         [-4.67774997e-02,  3.62413921e-01, -6.97858041e-02, ...,\n",
      "          -3.42744799e-17,  3.30408864e-17,  4.94547972e-02],\n",
      "         [-6.97905318e-02, -6.97858041e-02,  4.15204799e-01, ...,\n",
      "          -3.05693588e-16, -3.05940471e-17,  7.33868860e-02],\n",
      "         ...,\n",
      "         [ 8.37506677e-17, -3.42744799e-17, -3.05693588e-16, ...,\n",
      "           4.13444924e-01,  1.25517415e-15, -6.03456657e-17],\n",
      "         [-2.97516337e-18,  3.30408864e-17, -3.05940471e-17, ...,\n",
      "           1.25517415e-15,  4.59728543e-01, -1.05086648e-17],\n",
      "         [-5.97069904e-02,  4.94547972e-02,  7.33868860e-02, ...,\n",
      "          -6.03456657e-17, -1.05086648e-17,  4.73589392e-01]],\n",
      "\n",
      "        [[-4.67774997e-02,  7.28727734e-02, -1.89464120e-02, ...,\n",
      "          -3.14173327e-17,  1.15825119e-17,  4.09693715e-02],\n",
      "         [ 7.28727734e-02, -3.87664121e-03,  7.96562930e-02, ...,\n",
      "          -1.09735438e-18, -8.84106908e-18,  1.19409967e-02],\n",
      "         [-1.89464120e-02,  7.96562930e-02, -4.05323544e-02, ...,\n",
      "           3.69549800e-16,  5.69163274e-18, -7.23648419e-02],\n",
      "         ...,\n",
      "         [-3.14173327e-17, -1.09735438e-18,  3.69549800e-16, ...,\n",
      "          -1.85651254e-02, -1.23830631e-15,  2.96073249e-17],\n",
      "         [ 1.15825119e-17, -8.84106908e-18,  5.69163274e-18, ...,\n",
      "          -1.23830631e-15, -6.75796866e-02,  2.53621000e-17],\n",
      "         [ 4.09693715e-02,  1.19409967e-02, -7.23648419e-02, ...,\n",
      "           2.96073249e-17,  2.53621000e-17, -9.91719135e-03]],\n",
      "\n",
      "        [[-6.97905318e-02, -1.89464120e-02,  6.12133796e-02, ...,\n",
      "          -1.08951627e-16, -6.33029940e-18,  1.79197910e-02],\n",
      "         [-1.89464120e-02,  5.74207244e-03, -1.54904889e-02, ...,\n",
      "           2.01463983e-16,  6.41116816e-19, -3.77823824e-02],\n",
      "         [ 6.12133796e-02, -1.54904889e-02, -4.16940946e-03, ...,\n",
      "          -3.18882141e-17, -8.01644207e-19,  1.97861608e-03],\n",
      "         ...,\n",
      "         [-1.08951627e-16,  2.01463983e-16, -3.18882141e-17, ...,\n",
      "          -1.66626579e-02,  5.57742202e-17,  1.34695085e-16],\n",
      "         [-6.33029940e-18,  6.41116816e-19, -8.01644207e-19, ...,\n",
      "           5.57742202e-17, -1.40393089e-02, -8.33404727e-18],\n",
      "         [ 1.79197910e-02, -3.77823824e-02,  1.97861608e-03, ...,\n",
      "           1.34695085e-16, -8.33404727e-18, -5.95299710e-02]],\n",
      "\n",
      "        ...,\n",
      "\n",
      "        [[ 8.37506677e-17, -3.14173327e-17, -1.08951627e-16, ...,\n",
      "           4.26883858e-02,  4.24667615e-16, -3.15738804e-17],\n",
      "         [-3.14173327e-17,  3.25523284e-17,  1.12172084e-16, ...,\n",
      "          -6.97175605e-03, -6.50203002e-16,  1.62741259e-17],\n",
      "         [-1.08951627e-16,  1.12172084e-16,  3.36136093e-17, ...,\n",
      "           1.62462540e-02,  2.79225335e-17,  1.10514608e-16],\n",
      "         ...,\n",
      "         [ 4.26883858e-02, -6.97175605e-03,  1.62462540e-02, ...,\n",
      "           4.87938558e-17, -4.97329934e-18, -6.62910765e-03],\n",
      "         [ 4.24667615e-16, -6.50203002e-16,  2.79225335e-17, ...,\n",
      "          -4.97329934e-18,  6.68045784e-17, -3.92174365e-16],\n",
      "         [-3.15738804e-17,  1.62741259e-17,  1.10514608e-16, ...,\n",
      "          -6.62910765e-03, -3.92174365e-16,  6.41004002e-17]],\n",
      "\n",
      "        [[-2.97516337e-18,  1.15825119e-17, -6.33029940e-18, ...,\n",
      "           4.24667615e-16,  5.76989176e-02,  3.05592933e-19],\n",
      "         [ 1.15825119e-17, -3.94339684e-18,  9.37668819e-18, ...,\n",
      "          -4.55697528e-16, -2.93371774e-02,  1.30715965e-17],\n",
      "         [-6.33029940e-18,  9.37668819e-18, -6.87084843e-18, ...,\n",
      "           2.12528181e-17,  1.75783821e-02, -1.35467804e-17],\n",
      "         ...,\n",
      "         [ 4.24667615e-16, -4.55697528e-16,  2.12528181e-17, ...,\n",
      "          -6.56632457e-18,  9.36323801e-18, -2.44242808e-16],\n",
      "         [ 5.76989176e-02, -2.93371774e-02,  1.75783821e-02, ...,\n",
      "           9.36323801e-18, -3.13308739e-17, -1.96294199e-02],\n",
      "         [ 3.05592933e-19,  1.30715965e-17, -1.35467804e-17, ...,\n",
      "          -2.44242808e-16, -1.96294199e-02,  5.59665250e-18]],\n",
      "\n",
      "        [[-5.97069904e-02,  4.09693715e-02,  1.79197910e-02, ...,\n",
      "          -3.15738804e-17,  3.05592933e-19,  7.08113875e-02],\n",
      "         [ 4.09693715e-02, -1.52480323e-03,  1.32807781e-02, ...,\n",
      "           9.19905268e-18,  5.54149116e-18,  1.23680073e-03],\n",
      "         [ 1.79197910e-02,  1.32807781e-02, -2.79203676e-02, ...,\n",
      "           2.49444001e-16, -2.05176007e-18, -4.59187307e-02],\n",
      "         ...,\n",
      "         [-3.15738804e-17,  9.19905268e-18,  2.49444001e-16, ...,\n",
      "          -2.30194236e-02, -8.08381140e-16,  2.68928983e-17],\n",
      "         [ 3.05592933e-19,  5.54149116e-18, -2.05176007e-18, ...,\n",
      "          -8.08381140e-16, -5.50071162e-02,  1.55440925e-17],\n",
      "         [ 7.08113875e-02,  1.23680073e-03, -4.59187307e-02, ...,\n",
      "           2.68928983e-17,  1.55440925e-17, -3.62609958e-02]]],\n",
      "\n",
      "\n",
      "       [[[-4.67774997e-02,  7.28727734e-02, -1.89464120e-02, ...,\n",
      "          -3.14173327e-17,  1.15825119e-17,  4.09693715e-02],\n",
      "         [ 7.28727734e-02, -3.87664121e-03,  7.96562930e-02, ...,\n",
      "          -1.09735438e-18, -8.84106908e-18,  1.19409967e-02],\n",
      "         [-1.89464120e-02,  7.96562930e-02, -4.05323544e-02, ...,\n",
      "           3.69549800e-16,  5.69163274e-18, -7.23648419e-02],\n",
      "         ...,\n",
      "         [-3.14173327e-17, -1.09735438e-18,  3.69549800e-16, ...,\n",
      "          -1.85651254e-02, -1.23830631e-15,  2.96073249e-17],\n",
      "         [ 1.15825119e-17, -8.84106908e-18,  5.69163274e-18, ...,\n",
      "          -1.23830631e-15, -6.75796866e-02,  2.53621000e-17],\n",
      "         [ 4.09693715e-02,  1.19409967e-02, -7.23648419e-02, ...,\n",
      "           2.96073249e-17,  2.53621000e-17, -9.91719135e-03]],\n",
      "\n",
      "        [[ 3.62413921e-01, -3.87664121e-03,  5.74207244e-03, ...,\n",
      "           3.25523284e-17, -3.94339684e-18, -1.52480323e-03],\n",
      "         [-3.87664121e-03,  3.75365638e-01, -4.57138255e-03, ...,\n",
      "          -1.65955129e-18,  1.50255869e-17, -7.95443763e-03],\n",
      "         [ 5.74207244e-03, -4.57138255e-03,  3.82948695e-01, ...,\n",
      "           3.81842240e-17, -3.00124278e-17,  3.63914876e-03],\n",
      "         ...,\n",
      "         [ 3.25523284e-17, -1.65955129e-18,  3.81842240e-17, ...,\n",
      "           3.70578892e-01,  8.26742141e-17, -1.82894066e-18],\n",
      "         [-3.94339684e-18,  1.50255869e-17, -3.00124278e-17, ...,\n",
      "           8.26742141e-17,  3.71891640e-01, -6.79220691e-19],\n",
      "         [-1.52480323e-03, -7.95443763e-03,  3.63914876e-03, ...,\n",
      "          -1.82894066e-18, -6.79220691e-19,  3.81662684e-01]],\n",
      "\n",
      "        [[-6.97858041e-02,  7.96562930e-02, -1.54904889e-02, ...,\n",
      "           1.12172084e-16,  9.37668819e-18,  1.32807781e-02],\n",
      "         [ 7.96562930e-02, -4.57138255e-03,  1.30642673e-01, ...,\n",
      "           5.85240166e-17, -1.44595007e-17, -4.97536906e-03],\n",
      "         [-1.54904889e-02,  1.30642673e-01, -5.26529795e-02, ...,\n",
      "           4.98519807e-16,  9.05584721e-18, -9.75854018e-02],\n",
      "         ...,\n",
      "         [ 1.12172084e-16,  5.85240166e-17,  4.98519807e-16, ...,\n",
      "          -2.41796065e-02, -1.34099022e-15,  5.35858046e-17],\n",
      "         [ 9.37668819e-18, -1.44595007e-17,  9.05584721e-18, ...,\n",
      "          -1.34099022e-15, -7.76351262e-02,  3.05340702e-17],\n",
      "         [ 1.32807781e-02, -4.97536906e-03, -9.75854018e-02, ...,\n",
      "           5.35858046e-17,  3.05340702e-17, -2.26358451e-02]],\n",
      "\n",
      "        ...,\n",
      "\n",
      "        [[-3.42744799e-17, -1.09735438e-18,  2.01463983e-16, ...,\n",
      "          -6.97175605e-03, -4.55697528e-16,  9.19905268e-18],\n",
      "         [-1.09735438e-18, -1.65955129e-18,  5.85240166e-17, ...,\n",
      "           6.13292934e-02, -1.75198634e-16,  1.05326775e-17],\n",
      "         [ 2.01463983e-16,  5.85240166e-17,  1.52429407e-16, ...,\n",
      "           3.46171296e-03, -3.07884560e-16,  2.72302597e-17],\n",
      "         ...,\n",
      "         [-6.97175605e-03,  6.13292934e-02,  3.46171296e-03, ...,\n",
      "          -4.00027283e-17,  5.35546291e-18,  1.96308415e-02],\n",
      "         [-4.55697528e-16, -1.75198634e-16, -3.07884560e-16, ...,\n",
      "           5.35546291e-18, -1.90403405e-17, -5.37981227e-17],\n",
      "         [ 9.19905268e-18,  1.05326775e-17,  2.72302597e-17, ...,\n",
      "           1.96308415e-02, -5.37981227e-17, -1.30152675e-17]],\n",
      "\n",
      "        [[ 3.30408864e-17, -8.84106908e-18,  6.41116816e-19, ...,\n",
      "          -6.50203002e-16, -2.93371774e-02,  5.54149116e-18],\n",
      "         [-8.84106908e-18,  1.50255869e-17, -1.44595007e-17, ...,\n",
      "          -1.75198634e-16,  5.49526689e-02, -7.78263816e-19],\n",
      "         [ 6.41116816e-19, -1.44595007e-17,  2.69360798e-17, ...,\n",
      "          -2.78699009e-16, -8.17452262e-03,  2.00245405e-17],\n",
      "         ...,\n",
      "         [-6.50203002e-16, -1.75198634e-16, -2.78699009e-16, ...,\n",
      "           2.37339673e-17, -1.05166437e-17, -5.81886769e-17],\n",
      "         [-2.93371774e-02,  5.49526689e-02, -8.17452262e-03, ...,\n",
      "          -1.05166437e-17,  4.58019129e-17,  1.75341513e-02],\n",
      "         [ 5.54149116e-18, -7.78263816e-19,  2.00245405e-17, ...,\n",
      "          -5.81886769e-17,  1.75341513e-02,  2.17536010e-17]],\n",
      "\n",
      "        [[ 4.94547972e-02,  1.19409967e-02, -3.77823824e-02, ...,\n",
      "           1.62741259e-17,  1.30715965e-17,  1.23680073e-03],\n",
      "         [ 1.19409967e-02, -7.95443763e-03, -4.97536906e-03, ...,\n",
      "           1.05326775e-17, -7.78263816e-19,  4.52906714e-02],\n",
      "         [-3.77823824e-02, -4.97536906e-03, -1.56028731e-02, ...,\n",
      "           2.23176924e-17,  7.68019043e-18,  2.92254688e-03],\n",
      "         ...,\n",
      "         [ 1.62741259e-17,  1.05326775e-17,  2.23176924e-17, ...,\n",
      "           2.09640282e-02, -1.73472348e-17, -2.06331728e-18],\n",
      "         [ 1.30715965e-17, -7.78263816e-19,  7.68019043e-18, ...,\n",
      "          -1.73472348e-17,  1.96316403e-02,  1.84259769e-18],\n",
      "         [ 1.23680073e-03,  4.52906714e-02,  2.92254688e-03, ...,\n",
      "          -2.06331728e-18,  1.84259769e-18,  3.42173190e-02]]],\n",
      "\n",
      "\n",
      "       [[[-6.97905318e-02, -1.89464120e-02,  6.12133796e-02, ...,\n",
      "          -1.08951627e-16, -6.33029940e-18,  1.79197910e-02],\n",
      "         [-1.89464120e-02,  5.74207244e-03, -1.54904889e-02, ...,\n",
      "           2.01463983e-16,  6.41116816e-19, -3.77823824e-02],\n",
      "         [ 6.12133796e-02, -1.54904889e-02, -4.16940946e-03, ...,\n",
      "          -3.18882141e-17, -8.01644207e-19,  1.97861608e-03],\n",
      "         ...,\n",
      "         [-1.08951627e-16,  2.01463983e-16, -3.18882141e-17, ...,\n",
      "          -1.66626579e-02,  5.57742202e-17,  1.34695085e-16],\n",
      "         [-6.33029940e-18,  6.41116816e-19, -8.01644207e-19, ...,\n",
      "           5.57742202e-17, -1.40393089e-02, -8.33404727e-18],\n",
      "         [ 1.79197910e-02, -3.77823824e-02,  1.97861608e-03, ...,\n",
      "           1.34695085e-16, -8.33404727e-18, -5.95299710e-02]],\n",
      "\n",
      "        [[-6.97858041e-02,  7.96562930e-02, -1.54904889e-02, ...,\n",
      "           1.12172084e-16,  9.37668819e-18,  1.32807781e-02],\n",
      "         [ 7.96562930e-02, -4.57138255e-03,  1.30642673e-01, ...,\n",
      "           5.85240166e-17, -1.44595007e-17, -4.97536906e-03],\n",
      "         [-1.54904889e-02,  1.30642673e-01, -5.26529795e-02, ...,\n",
      "           4.98519807e-16,  9.05584721e-18, -9.75854018e-02],\n",
      "         ...,\n",
      "         [ 1.12172084e-16,  5.85240166e-17,  4.98519807e-16, ...,\n",
      "          -2.41796065e-02, -1.34099022e-15,  5.35858046e-17],\n",
      "         [ 9.37668819e-18, -1.44595007e-17,  9.05584721e-18, ...,\n",
      "          -1.34099022e-15, -7.76351262e-02,  3.05340702e-17],\n",
      "         [ 1.32807781e-02, -4.97536906e-03, -9.75854018e-02, ...,\n",
      "           5.35858046e-17,  3.05340702e-17, -2.26358451e-02]],\n",
      "\n",
      "        [[ 4.15204799e-01, -4.05323544e-02, -4.16940946e-03, ...,\n",
      "           3.36136093e-17, -6.87084843e-18, -2.79203676e-02],\n",
      "         [-4.05323544e-02,  3.82948695e-01, -5.26529795e-02, ...,\n",
      "           1.52429407e-16,  2.69360798e-17, -1.56028731e-02],\n",
      "         [-4.16940946e-03, -5.26529795e-02,  4.31803416e-01, ...,\n",
      "          -1.93659324e-16, -3.38333417e-17,  5.01268070e-02],\n",
      "         ...,\n",
      "         [ 3.36136093e-17,  1.52429407e-16, -1.93659324e-16, ...,\n",
      "           3.80840339e-01,  7.80040564e-16, -8.58949974e-17],\n",
      "         [-6.87084843e-18,  2.69360798e-17, -3.38333417e-17, ...,\n",
      "           7.80040564e-16,  4.09308276e-01, -1.11629843e-17],\n",
      "         [-2.79203676e-02, -1.56028731e-02,  5.01268070e-02, ...,\n",
      "          -8.58949974e-17, -1.11629843e-17,  4.18422606e-01]],\n",
      "\n",
      "        ...,\n",
      "\n",
      "        [[-3.05693588e-16,  3.69549800e-16, -3.18882141e-17, ...,\n",
      "           1.62462540e-02,  2.12528181e-17,  2.49444001e-16],\n",
      "         [ 3.69549800e-16,  3.81842240e-17,  4.98519807e-16, ...,\n",
      "           3.46171296e-03, -2.78699009e-16,  2.23176924e-17],\n",
      "         [-3.18882141e-17,  4.98519807e-16, -1.93659324e-16, ...,\n",
      "           2.28335355e-02,  4.45131432e-17, -3.84579461e-16],\n",
      "         ...,\n",
      "         [ 1.62462540e-02,  3.46171296e-03,  2.28335355e-02, ...,\n",
      "          -8.38276360e-17, -2.24029793e-18,  1.55695670e-03],\n",
      "         [ 2.12528181e-17, -2.78699009e-16,  4.45131432e-17, ...,\n",
      "          -2.24029793e-18, -3.24209658e-16,  9.59647169e-17],\n",
      "         [ 2.49444001e-16,  2.23176924e-17, -3.84579461e-16, ...,\n",
      "           1.55695670e-03,  9.59647169e-17, -9.06363201e-17]],\n",
      "\n",
      "        [[-3.05940471e-17,  5.69163274e-18, -8.01644207e-19, ...,\n",
      "           2.79225335e-17,  1.75783821e-02, -2.05176007e-18],\n",
      "         [ 5.69163274e-18, -3.00124278e-17,  9.05584721e-18, ...,\n",
      "          -3.07884560e-16, -8.17452262e-03,  7.68019043e-18],\n",
      "         [-8.01644207e-19,  9.05584721e-18, -3.38333417e-17, ...,\n",
      "           4.45131432e-17,  2.45468460e-02, -7.33366464e-18],\n",
      "         ...,\n",
      "         [ 2.79225335e-17, -3.07884560e-16,  4.45131432e-17, ...,\n",
      "          -2.90725892e-17, -2.93547302e-17,  5.40340465e-17],\n",
      "         [ 1.75783821e-02, -8.17452262e-03,  2.45468460e-02, ...,\n",
      "          -2.93547302e-17, -3.91857788e-17,  4.55070584e-03],\n",
      "         [-2.05176007e-18,  7.68019043e-18, -7.33366464e-18, ...,\n",
      "           5.40340465e-17,  4.55070584e-03, -3.29147610e-17]],\n",
      "\n",
      "        [[ 7.33868860e-02, -7.23648419e-02,  1.97861608e-03, ...,\n",
      "           1.10514608e-16, -1.35467804e-17, -4.59187307e-02],\n",
      "         [-7.23648419e-02,  3.63914876e-03, -9.75854018e-02, ...,\n",
      "           2.72302597e-17,  2.00245405e-17,  2.92254688e-03],\n",
      "         [ 1.97861608e-03, -9.75854018e-02,  5.01268070e-02, ...,\n",
      "          -3.84579461e-16, -7.33366464e-18,  1.00439813e-01],\n",
      "         ...,\n",
      "         [ 1.10514608e-16,  2.72302597e-17, -3.84579461e-16, ...,\n",
      "           2.73204194e-02,  1.22124533e-15, -2.90940322e-17],\n",
      "         [-1.35467804e-17,  2.00245405e-17, -7.33366464e-18, ...,\n",
      "           1.22124533e-15,  7.59488192e-02, -2.42659714e-17],\n",
      "         [-4.59187307e-02,  2.92254688e-03,  1.00439813e-01, ...,\n",
      "          -2.90940322e-17, -2.42659714e-17,  3.29788582e-02]]],\n",
      "\n",
      "\n",
      "       ...,\n",
      "\n",
      "\n",
      "       [[[ 8.37506677e-17, -3.14173327e-17, -1.08951627e-16, ...,\n",
      "           4.26883858e-02,  4.24667615e-16, -3.15738804e-17],\n",
      "         [-3.14173327e-17,  3.25523284e-17,  1.12172084e-16, ...,\n",
      "          -6.97175605e-03, -6.50203002e-16,  1.62741259e-17],\n",
      "         [-1.08951627e-16,  1.12172084e-16,  3.36136093e-17, ...,\n",
      "           1.62462540e-02,  2.79225335e-17,  1.10514608e-16],\n",
      "         ...,\n",
      "         [ 4.26883858e-02, -6.97175605e-03,  1.62462540e-02, ...,\n",
      "           4.87938558e-17, -4.97329934e-18, -6.62910765e-03],\n",
      "         [ 4.24667615e-16, -6.50203002e-16,  2.79225335e-17, ...,\n",
      "          -4.97329934e-18,  6.68045784e-17, -3.92174365e-16],\n",
      "         [-3.15738804e-17,  1.62741259e-17,  1.10514608e-16, ...,\n",
      "          -6.62910765e-03, -3.92174365e-16,  6.41004002e-17]],\n",
      "\n",
      "        [[-3.42744799e-17, -1.09735438e-18,  2.01463983e-16, ...,\n",
      "          -6.97175605e-03, -4.55697528e-16,  9.19905268e-18],\n",
      "         [-1.09735438e-18, -1.65955129e-18,  5.85240166e-17, ...,\n",
      "           6.13292934e-02, -1.75198634e-16,  1.05326775e-17],\n",
      "         [ 2.01463983e-16,  5.85240166e-17,  1.52429407e-16, ...,\n",
      "           3.46171296e-03, -3.07884560e-16,  2.72302597e-17],\n",
      "         ...,\n",
      "         [-6.97175605e-03,  6.13292934e-02,  3.46171296e-03, ...,\n",
      "          -4.00027283e-17,  5.35546291e-18,  1.96308415e-02],\n",
      "         [-4.55697528e-16, -1.75198634e-16, -3.07884560e-16, ...,\n",
      "           5.35546291e-18, -1.90403405e-17, -5.37981227e-17],\n",
      "         [ 9.19905268e-18,  1.05326775e-17,  2.72302597e-17, ...,\n",
      "           1.96308415e-02, -5.37981227e-17, -1.30152675e-17]],\n",
      "\n",
      "        [[-3.05693588e-16,  3.69549800e-16, -3.18882141e-17, ...,\n",
      "           1.62462540e-02,  2.12528181e-17,  2.49444001e-16],\n",
      "         [ 3.69549800e-16,  3.81842240e-17,  4.98519807e-16, ...,\n",
      "           3.46171296e-03, -2.78699009e-16,  2.23176924e-17],\n",
      "         [-3.18882141e-17,  4.98519807e-16, -1.93659324e-16, ...,\n",
      "           2.28335355e-02,  4.45131432e-17, -3.84579461e-16],\n",
      "         ...,\n",
      "         [ 1.62462540e-02,  3.46171296e-03,  2.28335355e-02, ...,\n",
      "          -8.38276360e-17, -2.24029793e-18,  1.55695670e-03],\n",
      "         [ 2.12528181e-17, -2.78699009e-16,  4.45131432e-17, ...,\n",
      "          -2.24029793e-18, -3.24209658e-16,  9.59647169e-17],\n",
      "         [ 2.49444001e-16,  2.23176924e-17, -3.84579461e-16, ...,\n",
      "           1.55695670e-03,  9.59647169e-17, -9.06363201e-17]],\n",
      "\n",
      "        ...,\n",
      "\n",
      "        [[ 4.13444924e-01, -1.85651254e-02, -1.66626579e-02, ...,\n",
      "           4.87938558e-17, -6.56632457e-18, -2.30194236e-02],\n",
      "         [-1.85651254e-02,  3.70578892e-01, -2.41796065e-02, ...,\n",
      "          -4.00027283e-17,  2.37339673e-17,  2.09640282e-02],\n",
      "         [-1.66626579e-02, -2.41796065e-02,  3.80840339e-01, ...,\n",
      "          -8.38276360e-17, -2.90725892e-17,  2.73204194e-02],\n",
      "         ...,\n",
      "         [ 4.87938558e-17, -4.00027283e-17, -8.38276360e-17, ...,\n",
      "           4.13670966e-01,  4.96130914e-16, -3.34967373e-17],\n",
      "         [-6.56632457e-18,  2.37339673e-17, -2.90725892e-17, ...,\n",
      "           4.96130914e-16,  3.94822250e-01, -2.67941464e-18],\n",
      "         [-2.30194236e-02,  2.09640282e-02,  2.73204194e-02, ...,\n",
      "          -3.34967373e-17, -2.67941464e-18,  4.08434292e-01]],\n",
      "\n",
      "        [[ 1.25517415e-15, -1.23830631e-15,  5.57742202e-17, ...,\n",
      "          -4.97329934e-18,  9.36323801e-18, -8.08381140e-16],\n",
      "         [-1.23830631e-15,  8.26742141e-17, -1.34099022e-15, ...,\n",
      "           5.35546291e-18, -1.05166437e-17, -1.73472348e-17],\n",
      "         [ 5.57742202e-17, -1.34099022e-15,  7.80040564e-16, ...,\n",
      "          -2.24029793e-18, -2.93547302e-17,  1.22124533e-15],\n",
      "         ...,\n",
      "         [-4.97329934e-18,  5.35546291e-18, -2.24029793e-18, ...,\n",
      "           4.96130914e-16,  1.79757006e-02,  2.27543536e-18],\n",
      "         [ 9.36323801e-18, -1.05166437e-17, -2.93547302e-17, ...,\n",
      "           1.79757006e-02,  1.47104551e-15, -7.84665904e-18],\n",
      "         [-8.08381140e-16, -1.73472348e-17,  1.22124533e-15, ...,\n",
      "           2.27543536e-18, -7.84665904e-18,  5.55111512e-16]],\n",
      "\n",
      "        [[-6.03456657e-17,  2.96073249e-17,  1.34695085e-16, ...,\n",
      "          -6.62910765e-03, -2.44242808e-16,  2.68928983e-17],\n",
      "         [ 2.96073249e-17, -1.82894066e-18,  5.35858046e-17, ...,\n",
      "           1.96308415e-02, -5.81886769e-17, -2.06331728e-18],\n",
      "         [ 1.34695085e-16,  5.35858046e-17, -8.58949974e-17, ...,\n",
      "           1.55695670e-03,  5.40340465e-17, -2.90940322e-17],\n",
      "         ...,\n",
      "         [-6.62910765e-03,  1.96308415e-02,  1.55695670e-03, ...,\n",
      "          -3.34967373e-17,  2.27543536e-18,  2.69886094e-02],\n",
      "         [-2.44242808e-16, -5.81886769e-17,  5.40340465e-17, ...,\n",
      "           2.27543536e-18, -4.43340959e-17, -1.21430643e-17],\n",
      "         [ 2.68928983e-17, -2.06331728e-18, -2.90940322e-17, ...,\n",
      "           2.69886094e-02, -1.21430643e-17, -2.68067540e-17]]],\n",
      "\n",
      "\n",
      "       [[[-2.97516337e-18,  1.15825119e-17, -6.33029940e-18, ...,\n",
      "           4.24667615e-16,  5.76989176e-02,  3.05592933e-19],\n",
      "         [ 1.15825119e-17, -3.94339684e-18,  9.37668819e-18, ...,\n",
      "          -4.55697528e-16, -2.93371774e-02,  1.30715965e-17],\n",
      "         [-6.33029940e-18,  9.37668819e-18, -6.87084843e-18, ...,\n",
      "           2.12528181e-17,  1.75783821e-02, -1.35467804e-17],\n",
      "         ...,\n",
      "         [ 4.24667615e-16, -4.55697528e-16,  2.12528181e-17, ...,\n",
      "          -6.56632457e-18,  9.36323801e-18, -2.44242808e-16],\n",
      "         [ 5.76989176e-02, -2.93371774e-02,  1.75783821e-02, ...,\n",
      "           9.36323801e-18, -3.13308739e-17, -1.96294199e-02],\n",
      "         [ 3.05592933e-19,  1.30715965e-17, -1.35467804e-17, ...,\n",
      "          -2.44242808e-16, -1.96294199e-02,  5.59665250e-18]],\n",
      "\n",
      "        [[ 3.30408864e-17, -8.84106908e-18,  6.41116816e-19, ...,\n",
      "          -6.50203002e-16, -2.93371774e-02,  5.54149116e-18],\n",
      "         [-8.84106908e-18,  1.50255869e-17, -1.44595007e-17, ...,\n",
      "          -1.75198634e-16,  5.49526689e-02, -7.78263816e-19],\n",
      "         [ 6.41116816e-19, -1.44595007e-17,  2.69360798e-17, ...,\n",
      "          -2.78699009e-16, -8.17452262e-03,  2.00245405e-17],\n",
      "         ...,\n",
      "         [-6.50203002e-16, -1.75198634e-16, -2.78699009e-16, ...,\n",
      "           2.37339673e-17, -1.05166437e-17, -5.81886769e-17],\n",
      "         [-2.93371774e-02,  5.49526689e-02, -8.17452262e-03, ...,\n",
      "          -1.05166437e-17,  4.58019129e-17,  1.75341513e-02],\n",
      "         [ 5.54149116e-18, -7.78263816e-19,  2.00245405e-17, ...,\n",
      "          -5.81886769e-17,  1.75341513e-02,  2.17536010e-17]],\n",
      "\n",
      "        [[-3.05940471e-17,  5.69163274e-18, -8.01644207e-19, ...,\n",
      "           2.79225335e-17,  1.75783821e-02, -2.05176007e-18],\n",
      "         [ 5.69163274e-18, -3.00124278e-17,  9.05584721e-18, ...,\n",
      "          -3.07884560e-16, -8.17452262e-03,  7.68019043e-18],\n",
      "         [-8.01644207e-19,  9.05584721e-18, -3.38333417e-17, ...,\n",
      "           4.45131432e-17,  2.45468460e-02, -7.33366464e-18],\n",
      "         ...,\n",
      "         [ 2.79225335e-17, -3.07884560e-16,  4.45131432e-17, ...,\n",
      "          -2.90725892e-17, -2.93547302e-17,  5.40340465e-17],\n",
      "         [ 1.75783821e-02, -8.17452262e-03,  2.45468460e-02, ...,\n",
      "          -2.93547302e-17, -3.91857788e-17,  4.55070584e-03],\n",
      "         [-2.05176007e-18,  7.68019043e-18, -7.33366464e-18, ...,\n",
      "           5.40340465e-17,  4.55070584e-03, -3.29147610e-17]],\n",
      "\n",
      "        ...,\n",
      "\n",
      "        [[ 1.25517415e-15, -1.23830631e-15,  5.57742202e-17, ...,\n",
      "          -4.97329934e-18,  9.36323801e-18, -8.08381140e-16],\n",
      "         [-1.23830631e-15,  8.26742141e-17, -1.34099022e-15, ...,\n",
      "           5.35546291e-18, -1.05166437e-17, -1.73472348e-17],\n",
      "         [ 5.57742202e-17, -1.34099022e-15,  7.80040564e-16, ...,\n",
      "          -2.24029793e-18, -2.93547302e-17,  1.22124533e-15],\n",
      "         ...,\n",
      "         [-4.97329934e-18,  5.35546291e-18, -2.24029793e-18, ...,\n",
      "           4.96130914e-16,  1.79757006e-02,  2.27543536e-18],\n",
      "         [ 9.36323801e-18, -1.05166437e-17, -2.93547302e-17, ...,\n",
      "           1.79757006e-02,  1.47104551e-15, -7.84665904e-18],\n",
      "         [-8.08381140e-16, -1.73472348e-17,  1.22124533e-15, ...,\n",
      "           2.27543536e-18, -7.84665904e-18,  5.55111512e-16]],\n",
      "\n",
      "        [[ 4.59728543e-01, -6.75796866e-02, -1.40393089e-02, ...,\n",
      "           6.68045784e-17, -3.13308739e-17, -5.50071162e-02],\n",
      "         [-6.75796866e-02,  3.71891640e-01, -7.76351262e-02, ...,\n",
      "          -1.90403405e-17,  4.58019129e-17,  1.96316403e-02],\n",
      "         [-1.40393089e-02, -7.76351262e-02,  4.09308276e-01, ...,\n",
      "          -3.24209658e-16, -3.91857788e-17,  7.59488192e-02],\n",
      "         ...,\n",
      "         [ 6.68045784e-17, -1.90403405e-17, -3.24209658e-16, ...,\n",
      "           3.94822250e-01,  1.47104551e-15, -4.43340959e-17],\n",
      "         [-3.13308739e-17,  4.58019129e-17, -3.91857788e-17, ...,\n",
      "           1.47104551e-15,  4.87606355e-01, -1.54918283e-17],\n",
      "         [-5.50071162e-02,  1.96316403e-02,  7.59488192e-02, ...,\n",
      "          -4.43340959e-17, -1.54918283e-17,  4.25849908e-01]],\n",
      "\n",
      "        [[-1.05086648e-17,  2.53621000e-17, -8.33404727e-18, ...,\n",
      "          -3.92174365e-16, -1.96294199e-02,  1.55440925e-17],\n",
      "         [ 2.53621000e-17, -6.79220691e-19,  3.05340702e-17, ...,\n",
      "          -5.37981227e-17,  1.75341513e-02,  1.84259769e-18],\n",
      "         [-8.33404727e-18,  3.05340702e-17, -1.11629843e-17, ...,\n",
      "           9.59647169e-17,  4.55070584e-03, -2.42659714e-17],\n",
      "         ...,\n",
      "         [-3.92174365e-16, -5.37981227e-17,  9.59647169e-17, ...,\n",
      "          -2.67941464e-18, -7.84665904e-18, -1.21430643e-17],\n",
      "         [-1.96294199e-02,  1.75341513e-02,  4.55070584e-03, ...,\n",
      "          -7.84665904e-18, -1.54918283e-17,  2.66178063e-02],\n",
      "         [ 1.55440925e-17,  1.84259769e-18, -2.42659714e-17, ...,\n",
      "          -1.21430643e-17,  2.66178063e-02, -3.36160266e-18]]],\n",
      "\n",
      "\n",
      "       [[[-5.97069904e-02,  4.09693715e-02,  1.79197910e-02, ...,\n",
      "          -3.15738804e-17,  3.05592933e-19,  7.08113875e-02],\n",
      "         [ 4.09693715e-02, -1.52480323e-03,  1.32807781e-02, ...,\n",
      "           9.19905268e-18,  5.54149116e-18,  1.23680073e-03],\n",
      "         [ 1.79197910e-02,  1.32807781e-02, -2.79203676e-02, ...,\n",
      "           2.49444001e-16, -2.05176007e-18, -4.59187307e-02],\n",
      "         ...,\n",
      "         [-3.15738804e-17,  9.19905268e-18,  2.49444001e-16, ...,\n",
      "          -2.30194236e-02, -8.08381140e-16,  2.68928983e-17],\n",
      "         [ 3.05592933e-19,  5.54149116e-18, -2.05176007e-18, ...,\n",
      "          -8.08381140e-16, -5.50071162e-02,  1.55440925e-17],\n",
      "         [ 7.08113875e-02,  1.23680073e-03, -4.59187307e-02, ...,\n",
      "           2.68928983e-17,  1.55440925e-17, -3.62609958e-02]],\n",
      "\n",
      "        [[ 4.94547972e-02,  1.19409967e-02, -3.77823824e-02, ...,\n",
      "           1.62741259e-17,  1.30715965e-17,  1.23680073e-03],\n",
      "         [ 1.19409967e-02, -7.95443763e-03, -4.97536906e-03, ...,\n",
      "           1.05326775e-17, -7.78263816e-19,  4.52906714e-02],\n",
      "         [-3.77823824e-02, -4.97536906e-03, -1.56028731e-02, ...,\n",
      "           2.23176924e-17,  7.68019043e-18,  2.92254688e-03],\n",
      "         ...,\n",
      "         [ 1.62741259e-17,  1.05326775e-17,  2.23176924e-17, ...,\n",
      "           2.09640282e-02, -1.73472348e-17, -2.06331728e-18],\n",
      "         [ 1.30715965e-17, -7.78263816e-19,  7.68019043e-18, ...,\n",
      "          -1.73472348e-17,  1.96316403e-02,  1.84259769e-18],\n",
      "         [ 1.23680073e-03,  4.52906714e-02,  2.92254688e-03, ...,\n",
      "          -2.06331728e-18,  1.84259769e-18,  3.42173190e-02]],\n",
      "\n",
      "        [[ 7.33868860e-02, -7.23648419e-02,  1.97861608e-03, ...,\n",
      "           1.10514608e-16, -1.35467804e-17, -4.59187307e-02],\n",
      "         [-7.23648419e-02,  3.63914876e-03, -9.75854018e-02, ...,\n",
      "           2.72302597e-17,  2.00245405e-17,  2.92254688e-03],\n",
      "         [ 1.97861608e-03, -9.75854018e-02,  5.01268070e-02, ...,\n",
      "          -3.84579461e-16, -7.33366464e-18,  1.00439813e-01],\n",
      "         ...,\n",
      "         [ 1.10514608e-16,  2.72302597e-17, -3.84579461e-16, ...,\n",
      "           2.73204194e-02,  1.22124533e-15, -2.90940322e-17],\n",
      "         [-1.35467804e-17,  2.00245405e-17, -7.33366464e-18, ...,\n",
      "           1.22124533e-15,  7.59488192e-02, -2.42659714e-17],\n",
      "         [-4.59187307e-02,  2.92254688e-03,  1.00439813e-01, ...,\n",
      "          -2.90940322e-17, -2.42659714e-17,  3.29788582e-02]],\n",
      "\n",
      "        ...,\n",
      "\n",
      "        [[-6.03456657e-17,  2.96073249e-17,  1.34695085e-16, ...,\n",
      "          -6.62910765e-03, -2.44242808e-16,  2.68928983e-17],\n",
      "         [ 2.96073249e-17, -1.82894066e-18,  5.35858046e-17, ...,\n",
      "           1.96308415e-02, -5.81886769e-17, -2.06331728e-18],\n",
      "         [ 1.34695085e-16,  5.35858046e-17, -8.58949974e-17, ...,\n",
      "           1.55695670e-03,  5.40340465e-17, -2.90940322e-17],\n",
      "         ...,\n",
      "         [-6.62910765e-03,  1.96308415e-02,  1.55695670e-03, ...,\n",
      "          -3.34967373e-17,  2.27543536e-18,  2.69886094e-02],\n",
      "         [-2.44242808e-16, -5.81886769e-17,  5.40340465e-17, ...,\n",
      "           2.27543536e-18, -4.43340959e-17, -1.21430643e-17],\n",
      "         [ 2.68928983e-17, -2.06331728e-18, -2.90940322e-17, ...,\n",
      "           2.69886094e-02, -1.21430643e-17, -2.68067540e-17]],\n",
      "\n",
      "        [[-1.05086648e-17,  2.53621000e-17, -8.33404727e-18, ...,\n",
      "          -3.92174365e-16, -1.96294199e-02,  1.55440925e-17],\n",
      "         [ 2.53621000e-17, -6.79220691e-19,  3.05340702e-17, ...,\n",
      "          -5.37981227e-17,  1.75341513e-02,  1.84259769e-18],\n",
      "         [-8.33404727e-18,  3.05340702e-17, -1.11629843e-17, ...,\n",
      "           9.59647169e-17,  4.55070584e-03, -2.42659714e-17],\n",
      "         ...,\n",
      "         [-3.92174365e-16, -5.37981227e-17,  9.59647169e-17, ...,\n",
      "          -2.67941464e-18, -7.84665904e-18, -1.21430643e-17],\n",
      "         [-1.96294199e-02,  1.75341513e-02,  4.55070584e-03, ...,\n",
      "          -7.84665904e-18, -1.54918283e-17,  2.66178063e-02],\n",
      "         [ 1.55440925e-17,  1.84259769e-18, -2.42659714e-17, ...,\n",
      "          -1.21430643e-17,  2.66178063e-02, -3.36160266e-18]],\n",
      "\n",
      "        [[ 4.73589392e-01, -9.91719135e-03, -5.95299710e-02, ...,\n",
      "           6.41004002e-17,  5.59665250e-18, -3.62609958e-02],\n",
      "         [-9.91719135e-03,  3.81662684e-01, -2.26358451e-02, ...,\n",
      "          -1.30152675e-17,  2.17536010e-17,  3.42173190e-02],\n",
      "         [-5.95299710e-02, -2.26358451e-02,  4.18422606e-01, ...,\n",
      "          -9.06363201e-17, -3.29147610e-17,  3.29788582e-02],\n",
      "         ...,\n",
      "         [ 6.41004002e-17, -1.30152675e-17, -9.06363201e-17, ...,\n",
      "           4.08434292e-01,  5.55111512e-16, -2.68067540e-17],\n",
      "         [ 5.59665250e-18,  2.17536010e-17, -3.29147610e-17, ...,\n",
      "           5.55111512e-16,  4.25849908e-01, -3.36160266e-18],\n",
      "         [-3.62609958e-02,  3.42173190e-02,  3.29788582e-02, ...,\n",
      "          -2.68067540e-17, -3.36160266e-18,  4.82960671e-01]]]])\n"
     ]
    }
   ],
   "source": [
    "hamiltonian = problem.hamiltonian\n",
    "\n",
    "coefficients = hamiltonian.electronic_integrals\n",
    "print(coefficients.alpha)"
   ]
  },
  {
   "cell_type": "code",
   "execution_count": 22,
   "metadata": {},
   "outputs": [
    {
     "name": "stdout",
     "output_type": "stream",
     "text": [
      "Fermionic Operator\n",
      "number spin orbitals=16, number terms=4656\n",
      "  -3.431876075967236 * ( +_0 -_0 )\n",
      "+ 0.17333709144900683 * ( +_0 -_1 )\n",
      "+ 0.20406812181316134 * ( +_0 -_2 )\n",
      "+ 0.19317557254790269 * ( +_0 -_7 )\n",
      "+ 0.1733370914490066 * ( +_1 -_0 )\n",
      "+ -2.7419577689394683 * ( +_1 -_1 )\n",
      "+ 0.2627966527592953 * ( +_1 -_2 )\n",
      "+ -0.15811938734705283 * ( +_1 -_7 )\n",
      "+ 0.20406812181316267 * ( +_2 -_0 )\n",
      "+ 0.2627966527592953 * ( +_2 -_1 )\n",
      "+ -2.7738412321174692 * ( +_2 -_2 )\n",
      "+ -0.27584866935947583 * ( +_2 -_7 )\n",
      "+ -2.7991340394759936 * ( +_3 -_3 )\n",
      "+ 0.3526087745065184 * ( +_3 -_5 )\n",
      "+ -2.616931987385379 * ( +_4 -_4 )\n",
      "+ -0.3578435110170698 * ( +_4 -_6 )\n",
      "+ 0.3526087745065184 * ( +_5 -_3 )\n",
      "+ -2.59532187226861 * ( +_5 -_5 )\n",
      "+ -0.3578435110170689 * ( +_6 -_4 )\n",
      "+ -2.7780154654168285 * ( +_6 -_6 )\n",
      "+ 0.19317557254790135 * ( +_7 -_0 )\n",
      "+ -0.15811938734705305 * ( +_7 -_1 )\n",
      "+ -0.27584866935947583 * ( +_7 -_2 )\n",
      "+ -2.556376193024712 * ( +_7 -_7 )\n",
      "+ -3.431876075967236 * ( +_8 -_8 )\n",
      "+ 0.17333709144900683 * ( +_8 -_9 )\n",
      "+ 0.20406812181316134 * ( +_8 -_10 )\n",
      "+ 0.19317557254790269 * ( +_8 -_15 )\n",
      "+ 0.1733370914490066 * ( +_9 -_8 )\n",
      "+ -2.7419577689394683 * ( +_9 -_9 )\n",
      "+ 0.2627966527592953 * ( +_9 -_10 )\n",
      "+ -0.15811938734705283 * ( +_9 -_15 )\n",
      "+ 0.20406812181316267 * ( +_10 -_8 )\n",
      "+ 0.2627966527592953 * ( +_10 -_9 )\n",
      "+ -2.7738412321174692 * ( +_10 -_10 )\n",
      "+ -0.27584866935947583 * ( +_10 -_15 )\n",
      "+ -2.7991340394759936 * ( +_11 -_11 )\n",
      "+ 0.3526087745065184 * ( +_11 -_13 )\n",
      "+ -2.616931987385379 * ( +_12 -_12 )\n",
      "+ -0.3578435110170698 * ( +_12 -_14 )\n",
      "+ 0.3526087745065184 * ( +_13 -_11 )\n",
      "+ -2.59532187226861 * ( +_13 -_13 )\n",
      "+ -0.3578435110170689 * ( +_14 -_12 )\n",
      "+ -2.7780154654168285 * ( +_14 -_14 )\n",
      "+ 0.19317557254790135 * ( +_15 -_8 )\n",
      "+ -0.15811938734705305 * ( +_15 -_9 )\n",
      "+ -0.27584866935947583 * ( +_15 -_10 )\n",
      "+ -2.556376193024712 * ( +_15 -_15 )\n",
      "+ 0.2578011852137112 * ( +_0 +_0 -_0 -_0 )\n",
      "+ -0.02338874984447888 * ( +_0 +_0 -_1 -_0 )\n",
      "+ -0.034895265897648874 * ( +_0 +_0 -_2 -_0 )\n",
      "+ -0.029853495217028826 * ( +_0 +_0 -_7 -_0 )\n",
